14496189
18149244
59168244
44957557
18028525
90577250
64629126
66287162
45335797
65487523
63873310
19153267
93874623
33189764
13932406
17010179
17563512
86365270
91347247
49499849
46190231
1038774
60874050
74741719
82563543
45313415
69607090
43209388
28723281
15493196
16849016
70081778
78597622
4416287
1095817
60957320
64739416
34890866
81536567
47964443
68540847
62537315
19133397
86616282
3320533
87820431
18016466
93546720
44134296
59473811
23447734
24214198
60855895
56476957
59268858
87886323
68386316
13678565
38717815
85296156
68342848
65969162
28752793
61493235
12605964
51838061
7885420
61576098
1688393
15179049
93505627
76646221
3166724
30852416
6624641
12527102
54618742
76440725
81649435
13677517
12415313
26450736
54407162
4957955
77982399
89187572
77296097
4250990
81565111
11226795
11450105
34034639
93123469
55781570
58553186
24644084
66512619
77253346
49283657
33709471
71460581
49325159
72422765
80513368
41535552
39739153
84818622
35220166
1724863
41114880
76447771
60831684
85191601
69480617
14262977
34590368
81655110
38238008
16609622
66091701
43275457
59728638
41362501
61776433
13958106
39940054
1166518
41492080
50568110
14853108
41639810
12406658
89530444
64279317
40435225
89313786
60861572
37902447
52000325
6889944
80647994
89709290
52809350
30356177
13231622
77824818
10891081
29708872
46179205
31681990
35064027
47008561
68999926
50609158
88748724
6685083
2779581
90868407
28647443
58053198
90958123
35470227
14735704
55794734
29413297
12990662
93504457
19055621
3919251
33802996
61930573
73431928
70383569
81979299
7002051
63425072
29760239
27592427
84529812
75080428
45005826
77574095
75878953
35656295
5470926
14295110
76791937
11888124
17655398
17655744
75793583
84256971
2167820
37713035
33687023
94331233
1199578
77900313
86507989
32161329
24794121
4906529
49722109
59527072
8802793
77648895
85564576
56682787
87452554
18227791
70572409
33892597
59399187
81262762
83102111
15402161
36538446
94041490
74945805
83943718
13542725
86461940
8434783
74902672
63520485
84048392
92793047
82289501
74062269
79072113
6730448
22647579
90071402
93287233
63108007
23635928
89646337
35207342
7300672
94470322
28496161
53994179
68168823
46555359
51720527
65974595
29030656
79273991
70588836
91761624
12566484
58777757
22111191
57231285
6704938
2714515
54186440
75416138
44842838
5957517
39707162
42975237
78447417
2875592
53989318
27143083
25162531
36965358
16415253
27180199
2003016
49252284
54674350
61108335
55368799
21240451
4367948
25048993
17856153
9388010
37061447
89518824
15718889
43473731
80977068
16836149
67376448
34190906
48711668
83822625
81269535
57424213
17694558
36811109
29686796
50065979
37067493
64537727
20051678
76665710
3065384
51671727
53090282
34981413
26738880
51654849
45803966
54279096
81247938
39027642
25571007
1993996
13895789
41521147
78443758
84083827
74912403
93366142
22174070
40216895
52531280
77645039
24318021
5982320
94683114
34835544
74847692
46295400
66695628
94638630
92449554
7936535
73911153
83760401
18577361
74687926
66825972
87643371
73906090
70349850
67716130
73140316
85900924
74145087
76526344
2907192
24407944
75697651
27134212
70788556
52875313
61230518
56129915
27543397
53763561
41268882
17644019
24074328
88799620
6875850
65791295
57304166
31960032
5544792
60637290
1097140
10388817
84663546
84259905
32428193
55128239
84719557
22377333
94126164
76460678
82165136
46083475
36539592
47685237
90641739
46876907
89762357
37691785
38296861
79285186
23900715
94079936
31080421
57546431
40477522
71481964
16147414
26848201
7342020
78648529
82599891
74208330
90261947
93381401
64122433
21789483
6108587
86318319
45035720
43606633
67336589
70133071
3764761
76090948
46623801
43536257
29534054
22804760
54721529
92089880
12339176
46867723
89845905
2589631
51671319
22999645
56173412
33907253
6844598
49644285
85581585
53923150
17382612
47179157
36412004
86036958
42336052
63941016
82925424
21740625
64622554
34678230
40506834
25841173
61901768
60413179
92889980
52210207
29427914
18685685
94686962
73075833
84071897
26910067
82099522
57268088
3857974
29946416
70134955
86068196
88948188
4767199
90982246
33025681
69758674
64414880
46832898
82438899
36148168
56559921
52339834
21211084
94905899
91809566
5981539
21745256
35010802
22025444
70872606
38527081
47177666
46437418
72940129
31480605
85957116
93391127
65008105
27103547
14976450
4536227
9701668
68358876
41291133
83943241
15646142
62757132
44363922
39319856
69711043
12330130
58626825
26129890
3638735
21948811
86720717
73819299
12875788
28083591
59543845
52094252
62440137
53444825
87755971
23000122
65508936
19698828
74160658
78897039
87956678
90714607
66254544
10685474
91712855
48221876
10649453
84110396
83043704
29162846
53169493
28672145
72322102
28605320
9943388
27924057
45950146
92603200
29915581
73781918
72866931
46306754
42655754
35208114
47300052
10208698
86157435
24834953
59996463
43796665
66825827
88200047
84800704
58519190
37449628
16026973
35286407
41928115
30317983
30768588
82222592
59849221
55975463
53861926
31248550
11185446
11798144
75395170
78070777
67530844
8258435
38356451
90640634
42577423
89767988
80666465
68747102
24353470
85345283
46468306
58357643
40259781
54441169
62630886
35358366
47525103
23751694
77984105
78182024
90989655
21550629
26459665
23940605
69555975
13096020
18295693
47176576
25547745
82873729
38246408
71799817
11065381
75062926
4522279
15029100
6999510
39970426
65747179
77205010
28124914
73066000
77182075
20650251
76825570
25478120
65781098
64311174
31681957
3160360
4685022
94719338
24616016
59140727
66464538
5400902
1816399
21927674
1785862
43001351
14206679
5372778
40586467
58406217
27282592
84300681
67812253
53343696
72638620
35889201
75764663
35827216
75893929
65010924
66329797
44231360
60188828
58274564
51434454
2090023
9199696
28046989
33259068
53818809
84088156
4541595
87243526
79323532
30218502
68252628
8342484
88926007
57283786
48628475
82375327
43000212
86279220
47924302
28815678
14285614
57042936
77220277
4361496
20505104
56374069
56512598
17948591
16985277
53961453
62585141
46655789
87723613
69246707
71853799
35732449
52153126
5000738
78801987
85029891
66836406
54160162
23488324
32858914
92359672
1680214
47727777
64273730
92794047
90103475
29837360
77555185
76048206
55021189
2592256
43257109
15588828
59666169
7240063
40035478
61196671
3678322
51143567
20276412
5964345
48345692
70174634
47568397
41350994
33606530
84030865
7039403
75657624
22411649
32262265
23122952
40460919
36736100
50111862
34056637
56209674
56111095
58391580
90382598
76298608
67237865
75397338
23039612
89108130
86739227
17706024
3136177
94852749
54521525
24435998
64983723
4786724
76129807
65228649
74401947
55319845
58278377
28302696
16755420
57989903
51332398
15312863
51723304
29866710
26850175
40555326
64396324
55155658
45887673
83861886
34358894
10175162
92529340
51026254
56940746
38019874
80550647
70956427
30717683
53478404
68409202
71307024
65900923
3574112
83541059
8117554
32732523
61717190
73258548
52588530
44912981
15971062
42158763
82765671
58180832
86147391
83003021
6302710
64692214
71622269
2496786
93696509
36974487
70464525
36062290
83806135
4039027
11932522
76594476
23757806
10697542
80403817
66318239
18007120
17932558
73410694
70936836
38815647
59987742
24026558
9963685
91696839
9510323
23451424
41209603
19363690
92636886
79418690
5531078
17537726
87659607
89211228
74706450
88833641
73881291
4211116
44671084
64324351
64845233
68054171
22535237
29178094
50037442
78942806
5389425
83219022
9422371
7816192
72627787
63332869
91930314
43586476
86112943
24031347
88514872
81334773
48645188
53534654
77607473
2917570
30033011
24764844
68352653
31705077
78422169
12949796
47741022
59368370
48779210
84422539
63500447
25410539
74380391
79035892
2227050
82063566
16624606
8744348
86314282
12975241
15730023
58935291
88234375
32000981
52689601
79830118
36881737
51385443
7180210
1535908
23971103
86065449
28994901
89966820
59288908
87420022
93380843
12024899
13554919
79755357
47833487
49247369
6482311
65913210
7855616
30009960
79413461
78139027
82507160
60390519
53196101
55805272
53657480
29035105
52387642
18663706
55930751
75545034
37933259
17253467
46210603
68287074
27461441
21496344
60381822
11865616
36683847
77784728
22196327
59362685
56757648
24484616
35631878
30334789
46403140
55883814
27482903
61036410
3550056
94361228
94093354
75992442
41195506
27685618
94233016
18666042
54685210
23409321
54248687
78037606
75938874
51661776
42539762
80904070
78771677
44333497
71174918
40176873
11180681
62441496
39440983
1556841
52169960
62461142
94687500
72333773
87211090
39428876
63404364
67593745
15301017
80775610
60009663
81042439
75094924
91546478
57012708
9546396
75496066
58366966
9839177